Dogfood_DevMain     : ea4a4090-de26-49d7-93c1-91bff9e53fc3 (231102-2305) : 16.0.17101.20000
Dogfood_CC          : f3260cf1-a92c-4c75-b02e-d64c0a86a968 (231102-2325) : 16.0.17029.20002

Microsoft_DevMain   : b61285dd-d9f7-41f2-9757-8f61cba4e9c8 (231103-0830) : 16.0.17031.20000
Microsoft_CC        : 5462eee5-1e97-495b-9370-853cd873bb07 (231102-1235) : 16.0.17029.20000
Microsoft_FRDC      : 9a3b7ff2-58ed-40fd-add5-1e5158059d1c (231010-1245) : 16.0.16731.20316
Microsoft_DC        : f4f024c8-d611-4748-a7e0-02b6e754c0fe (231010-0805) : 16.0.16130.20810
Microsoft_LTSC2021  : 86752282-5841-4120-ac80-db03ae6b5fdb (231019-2105) : 16.0.14332.20597
Microsoft_LTSC      : 1d2d2ea6-1680-4c56-ac58-a441c8c24ff9 (231019-2100) : 16.0.10404.20004

Insiders_DevMain    : 5440fd1f-7ecb-4221-8110-145efaa6372f (231101-1405) : 16.0.17029.20000
Insiders_CC         : 64256afe-f5d9-4f86-8936-8840a6a4f5be (231031-2205) : 16.0.16924.20124
Insiders_FRDC       : b8f9b850-328d-4355-9145-c59439a0c4cf (231017-1645) : 16.0.16731.20316

Production_CC       : 492350f6-3a01-4f97-b9c0-c7c6ddf67d60 (231102-2310) : 16.0.16924.20124
Production_MEC      : 55336b82-a18d-4dd6-b5f6-9e5095c314a6 (231017-1642) : 16.0.16731.20316
Production_DC       : 7ffbc6bf-bc32-4f92-8982-f9dd17fd3114 (231028-1425) : 16.0.16130.20810
Production_LTSC2021 : 5030841d-c919-4594-8d2d-84ae4f96e58e (231017-1715) : 16.0.14332.20582
Production_LTSC     : f2e724c1-748f-4b47-8fb8-8e0d210e9208 (231017-1715) : 16.0.10403.20013
